Processing  Bangalore
col_0     0   1   2   3  4  5
row_0                        
0      2839  42  25   2  0  1
1         0  11   5   0  0  0
2         0   4  48   9  0  0
3         0   0   0  16  0  2
4         0   0   0   1  3  0
5         1   0   0   0  0  0 


Processing  Chennai
col_0    0   1   2   3  4   5
row_0                        
0      153   6   0   0  0   0
1        0  18   7   0  0   1
2        0  10  25   9  0   2
3        0   0   1  29  0   6
4        0   0   0   0  2   1
5        0   0   0   0  1  14 


Processing  Delhi
col_0     0   1   2   3   4   5
row_0                          
0      1979  38   9   0   0   0
1         0  94  33   4   0   0
2         0   8  79  21   0   0
3         0   0   2  76   0   9
4         0   0   0   7  44   4
5         0   0   0   4   1  87 


Processing  Gurgaon
col_0     0   1   2  3  4   5
row_0                        
0      2016  33   6  3  0   0
1         0  20   6  1  0   0
2         0   2  16  4  0   2
3         0   0   2  7  0   3
4         0   0   0  1  3   0
5         0   0   0  0  0  10 


Processing  Hyderabad
col_0    0  1   2   3   4   5
row_0                        
0      180  6   7   0   0   0
1        0  3   1   0   0   0
2        0  2  25  10   0   1
3        0  0   1  29   2   2
4        0  0   0   1  16   1
5        0  0   0   0   0  17 


Processing  Kolkata
col_0    0   1   2  3  4  5
row_0                      
0      135   7   3  2  0  0
1        0  12   0  0  0  0
2        0   0  16  3  0  0
3        0   0   0  7  0  1
4        0   0   0  0  4  1
5        0   0   0  0  0  5 


Processing  Mumbai
col_0    0   1   2   3  4   5
row_0                        
0      635   9   1   0  0   0
1        0  78  15   1  0   0
2        0   8  15   2  0   0
3        0   0   1  35  0   5
4        0   0   0   0  3   0
5        0   0   0   0  0  28
